Abel_Wolman_House Steinwald_House 39.327692 -76.617195 39.327575 -76.617256 13.98081224591603
Ames_Hall Krieger_Hall 39.328583 -76.620791 39.328616 -76.619988 69.15471544678725
AMR3 AMR2 39.331919 -76.619787 39.331473 -76.619129 75.30659116955307
AMR1 AMR2 39.330674 -76.618483 39.331473 -76.619129 104.85424088781195
AMR2 AMR3 39.331473 -76.619129 39.331919 -76.619787 75.30659116955307
Baltimore_Museum_of_Art Shriver_Hall 39.325996 -76.619503 39.326415 -76.620265 80.4495381214026
Barnes_&_Noble Charles_Commons 39.328314 -76.616263 39.328522 -76.616383 25.3725380513474
Barton_Hall Hackerman_Hall 39.327139 -76.620651 39.326873 -76.620916 37.29190385223512
Bloomberg_Center_for_Physics_&_Astronomy Steven_Muller_Bldg. 39.331695 -76.623356 39.33281 -76.623356 124.01014106726272
BMA_Sculpture_Garden Shriver_Hall 39.325996 -76.619503 39.326415 -76.620265 80.4495381214026
Bradford_Apts. Barnes_&_Noble 39.328459 -76.615658 39.328314 -76.616263 54.47863126950662
Brody_Learning_Commons Merrick_Barn 39.328421 -76.619335 39.328101 -76.619 45.732295197265
Bunting_Meyerhoff_Interfaith_and_Community_Service_Center Rogers_House 39.331876 -76.617398 39.331138 -76.616699 101.84407233811432
Charles_Commons Barnes_&_Noble 39.328522 -76.616383 39.328314 -76.616263 25.3725380513474
Chemistry_Bldg. Macaulay_Hall 39.330336 -76.621444 39.330175 -76.620797 58.45232849770237
Clark_Hall Hodson_Hall 39.326896 -76.622286 39.327555 -76.622349 73.49398597025615
Croft_Hall Shaffer_Hall 39.327173 -76.619505 39.327179 -76.619946 38.019032808435256
Dell_House Education_Building 39.323056 -76.617737 39.322373 -76.617705 76.00719657287706
Dunning_Hall Macaulay_Hall 39.330216 -76.620152 39.330175 -76.620797 55.67785194633086
Education_Building Dell_House 39.322373 -76.617705 39.323056 -76.617737 76.00719657287706
Garland_Hall Hodson_Hall 39.327351 -76.62159 39.327555 -76.622349 69.19133279716202
Gatehouse Power_Plant 39.326473 -76.618255 39.327025 -76.618959 86.21703657850678
Gilman_Hall Glass_Pavilion 39.328941 -76.621619 39.328445 -76.621789 57.05446446879524
Glass_Pavilion Levering_Hall 39.328445 -76.621789 39.328053 -76.621689 44.45806778186823
Greenhouse_&_Greenhouse_South Nichols_House 39.329244 -76.622527 39.32976 -76.623143 78.0941021516664
Hackerman_Hall Barton_Hall 39.326873 -76.620916 39.327139 -76.620651 37.29190385223512
Hodson_Hall Garland_Hall 39.327555 -76.622349 39.327351 -76.62159 69.19133279716202
Homewood_Apts. Smokler_Center_for_Jewish_Life_(Hillel) 39.32529 -76.616855 39.326521 -76.61706 138.04213455020258
Homewood_Field ROTC_Bldg 39.333436 -76.620873 39.333233 -76.621882 89.68220916140038
Homewood_Museum Milton_S._Eisenhower_Library 39.329743 -76.618946 39.329053 -76.619425 87.0940586143533
Jenkins_Hall Lacrosse_Hall_of_Fame 39.345959 -76.619501 39.334646 -76.62186 1274.660435262413
Johns_Hopkins_Club Chemistry_Bldg. 39.33015 -76.622243 39.330336 -76.621444 71.8048408991347
Krieger_Hall Brody_Learning_Commons 39.328616 -76.619988 39.328421 -76.619335 60.2449055586133
Lacrosse_Hall_of_Fame ROTC_Bldg 39.334646 -76.62186 39.333233 -76.621882 157.123957974496
Latrobe_Hall Barton_Hall 39.327721 -76.620776 39.327139 -76.620651 65.61494118708481
Levering_Hall Glass_Pavilion 39.328053 -76.621689 39.328445 -76.621789 44.45806778186823
Macaulay_Hall Dunning_Hall 39.330175 -76.620797 39.330216 -76.620152 55.67785194633086
Malone_Hall Shriver_Hall 39.326204 -76.620883 39.326415 -76.620265 58.16225478578063
Maryland_Hall Krieger_Hall 39.327988 -76.619993 39.328616 -76.619988 69.82039980173397
Mason_Hall Malone_Hall 39.32591 -76.62155 39.326204 -76.620883 66.10110830310971
Mattin_Center Merrick_Barn 39.327802 -76.618371 39.328101 -76.619 63.54016938710021
McCoy_Hall Wolman_Hall 39.329399 -76.616769 39.328945 -76.616908 51.88724317345971
Mergenthaler_Hall Remsen_Hall 39.329599 -76.620654 39.329465 -76.620057 53.47100773890216
Merrick_Barn Brody_Learning_Commons 39.328101 -76.619 39.328421 -76.619335 45.732295197265
Milton_S._Eisenhower_Library Krieger_Hall 39.329053 -76.619425 39.328616 -76.619988 68.63498198965873
Mudd_Hall Undergraduate_Teaching_Labs 39.330875 -76.620536 39.331158 -76.620647 32.94739819407914
Nichols_House Greenhouse_&_Greenhouse_South 39.32976 -76.623143 39.329244 -76.622527 78.0941021516664
Olin_Hall Hodson_Hall 39.328154 -76.62369 39.327555 -76.622349 133.20517350230514
Power_Plant Whitehead_Hall 39.327025 -76.618959 39.327319 -76.618995 32.82660427542718
Ralph_S._O'Connor_Recreation_Center Undergraduate_Teaching_Labs 39.332114 -76.621286 39.331158 -76.620647 119.60793253821488
Remsen_Hall Mergenthaler_Hall 39.329465 -76.620057 39.329599 -76.620654 53.47100773890216
Rogers_House Bunting_Meyerhoff_Interfaith_and_Community_Service_Center 39.331138 -76.616699 39.331876 -76.617398 101.84407233811432
ROTC_Bldg Homewood_Field 39.333233 -76.621882 39.333436 -76.620873 89.68220916140038
San_Martin_Center Maxine_F._Singer_Bldg. 39.330561 -76.624213 39.330951 -76.624944 76.4082963555935
Shaffer_Hall Croft_Hall 39.327179 -76.619946 39.327173 -76.619505 38.019032808435256
Shriver_Hall Malone_Hall 39.326415 -76.620265 39.326204 -76.620883 58.16225478578063
Smokler_Center_for_Jewish_Life_(Hillel) Gatehouse 39.326521 -76.61706 39.326473 -76.618255 103.01829788533158
Steinwald_House Abel_Wolman_House 39.327575 -76.617256 39.327692 -76.617195 13.98081224591603
The_Blackstone_Apts. Abel_Wolman_House 39.327864 -76.617201 39.327692 -76.617195 19.138038643873035
The_Charles_Apts. Wolman_Hall 39.328678 -76.617179 39.328945 -76.616908 37.75061643120572
Undergraduate_Teaching_Labs Mudd_Hall 39.331158 -76.620647 39.330875 -76.620536 32.94739819407914
Whitehead_Hall Power_Plant 39.327319 -76.618995 39.327025 -76.618959 32.82660427542718
Wolman_Hall The_Charles_Apts. 39.328945 -76.616908 39.328678 -76.617179 37.75061643120572
Wyman_Park_Bldg. Mason_Hall 39.32516 -76.622764 39.32591 -76.62155 133.60551863145517
Abel_Wolman_House The_Blackstone_Apts. 39.327692 -76.617195 39.327864 -76.617201 19.138038643873035
Ames_Hall Gilman_Hall 39.328583 -76.620791 39.328941 -76.621619 81.62125564497086
AMR3 Undergraduate_Teaching_Labs 39.331919 -76.619787 39.331158 -76.620647 112.42850513137148
AMR1 Homewood_Museum 39.330674 -76.618483 39.329743 -76.618946 110.92870135854588
AMR2 AMR1 39.331473 -76.619129 39.330674 -76.618483 104.85424088781195
Baltimore_Museum_of_Art Gatehouse 39.325996 -76.619503 39.326473 -76.618255 119.80236228957682
Barnes_&_Noble Bradford_Apts. 39.328314 -76.616263 39.328459 -76.615658 54.47863126950662
Barton_Hall Shaffer_Hall 39.327139 -76.620651 39.327179 -76.619946 60.81470404706718
Bloomberg_Center_for_Physics_&_Astronomy San_Martin_Center 39.331695 -76.623356 39.330561 -76.624213 146.16438865153984
BMA_Sculpture_Garden Gatehouse 39.325996 -76.619503 39.326473 -76.618255 119.80236228957682
Bradford_Apts. Charles_Commons 39.328459 -76.615658 39.328522 -76.616383 62.77443357857565
Brody_Learning_Commons Krieger_Hall 39.328421 -76.619335 39.328616 -76.619988 60.2449055586133
Bunting_Meyerhoff_Interfaith_and_Community_Service_Center AMR2 39.331876 -76.617398 39.331473 -76.619129 155.50333974239282
Charles_Commons Bradford_Apts. 39.328522 -76.616383 39.328459 -76.615658 62.77443357857565
Chemistry_Bldg. Johns_Hopkins_Club 39.330336 -76.621444 39.33015 -76.622243 71.8048408991347
Clark_Hall Garland_Hall 39.326896 -76.622286 39.327351 -76.62159 78.39860075296815
Croft_Hall Whitehead_Hall 39.327173 -76.619505 39.327319 -76.618995 46.7412462192457
Dell_House Homewood_Apts. 39.323056 -76.617737 39.32529 -76.616855 259.8556901160352
Dunning_Hall Mudd_Hall 39.330216 -76.620152 39.330875 -76.620536 80.35736133574507
Education_Building Homewood_Apts. 39.322373 -76.617705 39.32529 -76.616855 332.6367847175904
Garland_Hall Clark_Hall 39.327351 -76.62159 39.326896 -76.622286 78.39860075296815
Gatehouse Smokler_Center_for_Jewish_Life_(Hillel) 39.326473 -76.618255 39.326521 -76.61706 103.01829788533158
Gilman_Hall Ames_Hall 39.328941 -76.621619 39.328583 -76.620791 81.62125564497086
Glass_Pavilion Gilman_Hall 39.328445 -76.621789 39.328941 -76.621619 57.05446446879524
Greenhouse_&_Greenhouse_South Gilman_Hall 39.329244 -76.622527 39.328941 -76.621619 85.1450156809666
Hackerman_Hall Malone_Hall 39.326873 -76.620916 39.326204 -76.620883 74.46560530546948
Hodson_Hall Clark_Hall 39.327555 -76.622349 39.326896 -76.622286 73.49398597025615
Homewood_Apts. Gatehouse 39.32529 -76.616855 39.326473 -76.618255 178.4164841440752
Homewood_Field Ralph_S._O'Connor_Recreation_Center 39.333436 -76.620873 39.332114 -76.621286 151.37115738778547
Homewood_Museum Remsen_Hall 39.329743 -76.618946 39.329465 -76.620057 100.47999556675768
Jenkins_Hall Homewood_Field 39.345959 -76.619501 39.333436 -76.620873 1397.8908158673094
Johns_Hopkins_Club Nichols_House 39.33015 -76.622243 39.32976 -76.623143 88.7504717617421
Krieger_Hall Milton_S._Eisenhower_Library 39.328616 -76.619988 39.329053 -76.619425 68.63498198965873
Lacrosse_Hall_of_Fame Homewood_Field 39.334646 -76.62186 39.333436 -76.620873 159.01935069364123
Latrobe_Hall Maryland_Hall 39.327721 -76.620776 39.327988 -76.619993 73.65057468491506
Levering_Hall Garland_Hall 39.328053 -76.621689 39.327351 -76.62159 78.47479261392463
Macaulay_Hall Chemistry_Bldg. 39.330175 -76.620797 39.330336 -76.621444 58.45232849770237
Malone_Hall Mason_Hall 39.326204 -76.620883 39.32591 -76.62155 66.10110830310971
Maryland_Hall Latrobe_Hall 39.327988 -76.619993 39.327721 -76.620776 73.65057468491506
Mason_Hall Hackerman_Hall 39.32591 -76.62155 39.326873 -76.620916 120.28783599820918
Mattin_Center Whitehead_Hall 39.327802 -76.618371 39.327319 -76.618995 75.96398734688123
McCoy_Hall The_Charles_Apts. 39.329399 -76.616769 39.328678 -76.617179 87.59811122656761
Mergenthaler_Hall Macaulay_Hall 39.329599 -76.620654 39.330175 -76.620797 65.22205001941421
Merrick_Barn Mattin_Center 39.328101 -76.619 39.327802 -76.618371 63.54016938710021
Milton_S._Eisenhower_Library Brody_Learning_Commons 39.329053 -76.619425 39.328421 -76.619335 70.7546822772117
Mudd_Hall Dunning_Hall 39.330875 -76.620536 39.330216 -76.620152 80.35736133574507
Nichols_House Johns_Hopkins_Club 39.32976 -76.623143 39.33015 -76.622243 88.7504717617421
Olin_Hall Greenhouse_&_Greenhouse_South 39.328154 -76.62369 39.329244 -76.622527 157.23449623921988
Power_Plant Croft_Hall 39.327025 -76.618959 39.327173 -76.619505 49.74659099745455
Ralph_S._O'Connor_Recreation_Center AMR3 39.332114 -76.621286 39.331919 -76.619787 130.77767925990412
Remsen_Hall Milton_S._Eisenhower_Library 39.329465 -76.620057 39.329053 -76.619425 71.08941948482715
Rogers_House AMR1 39.331138 -76.616699 39.330674 -76.618483 161.98102997415634
ROTC_Bldg Ralph_S._O'Connor_Recreation_Center 39.333233 -76.621882 39.332114 -76.621286 134.66271534723273
San_Martin_Center Nichols_House 39.330561 -76.624213 39.32976 -76.623143 128.0819357963735
Shaffer_Hall Barton_Hall 39.327179 -76.619946 39.327139 -76.620651 60.81470404706718
Shriver_Hall Hackerman_Hall 39.326415 -76.620265 39.326873 -76.620916 75.72071625979505
Smokler_Center_for_Jewish_Life_(Hillel) Steinwald_House 39.326521 -76.61706 39.327575 -76.617256 118.45886126257538
Steinwald_House The_Blackstone_Apts. 39.327575 -76.617256 39.327864 -76.617201 32.43936797615068
The_Blackstone_Apts. Steinwald_House 39.327864 -76.617201 39.327575 -76.617256 32.43936797615068
The_Charles_Apts. Charles_Commons 39.328678 -76.617179 39.328522 -76.616383 70.6092401119077
Undergraduate_Teaching_Labs Macaulay_Hall 39.331158 -76.620647 39.330175 -76.620797 110.17423546515865
Whitehead_Hall Croft_Hall 39.327319 -76.618995 39.327173 -76.619505 46.7412462192457
Wolman_Hall McCoy_Hall 39.328945 -76.616908 39.329399 -76.616769 51.88724317345971
Wyman_Park_Bldg. Clark_Hall 39.32516 -76.622764 39.326896 -76.622286 197.46636980191064
Abel_Wolman_House Mattin_Center 39.327692 -76.617195 39.327802 -76.618371 101.94253582133348
Ames_Hall Glass_Pavilion 39.328583 -76.620791 39.328445 -76.621789 87.23270756712112
AMR3 Ralph_S._O'Connor_Recreation_Center 39.331919 -76.619787 39.332114 -76.621286 130.77767925990412
AMR1 Dunning_Hall 39.330674 -76.618483 39.330216 -76.620152 152.34241339934414
AMR2 Undergraduate_Teaching_Labs 39.331473 -76.619129 39.331158 -76.620647 135.24195473653447
Baltimore_Museum_of_Art Malone_Hall 39.325996 -76.619503 39.326204 -76.620883 120.9732604224873
Barnes_&_Noble The_Charles_Apts. 39.328314 -76.616263 39.328678 -76.617179 88.59561803006541
Barton_Hall Latrobe_Hall 39.327139 -76.620651 39.327721 -76.620776 65.61494118708481
Bloomberg_Center_for_Physics_&_Astronomy Maxine_F._Singer_Bldg. 39.331695 -76.623356 39.330951 -76.624944 159.78713457223148
BMA_Sculpture_Garden Malone_Hall 39.325996 -76.619503 39.326204 -76.620883 120.9732604224873
Bradford_Apts. Wolman_Hall 39.328459 -76.615658 39.328945 -76.616908 120.37453963157668
Brody_Learning_Commons Milton_S._Eisenhower_Library 39.328421 -76.619335 39.329053 -76.619425 70.7546822772117
Bunting_Meyerhoff_Interfaith_and_Community_Service_Center AMR1 39.331876 -76.617398 39.330674 -76.618483 163.1299978464749
Charles_Commons Wolman_Hall 39.328522 -76.616383 39.328945 -76.616908 65.21945153553321
Chemistry_Bldg. Mudd_Hall 39.330336 -76.621444 39.330875 -76.620536 98.51534287740844
Clark_Hall Hackerman_Hall 39.326896 -76.622286 39.326873 -76.620916 117.89539506592872
Croft_Hall Power_Plant 39.327173 -76.619505 39.327025 -76.618959 49.74659099745455
Dell_House Baltimore_Museum_of_Art 39.323056 -76.617737 39.325996 -76.619503 360.5907128610272
Dunning_Hall Mergenthaler_Hall 39.330216 -76.620152 39.329599 -76.620654 81.10789369129459
Education_Building Baltimore_Museum_of_Art 39.322373 -76.617705 39.325996 -76.619503 431.62649206179935
Garland_Hall Levering_Hall 39.327351 -76.62159 39.328053 -76.621689 78.47479261392463
Gatehouse Whitehead_Hall 39.326473 -76.618255 39.327319 -76.618995 113.57483443674518
Gilman_Hall Greenhouse_&_Greenhouse_South 39.328941 -76.621619 39.329244 -76.622527 85.1450156809666
Glass_Pavilion Ames_Hall 39.328445 -76.621789 39.328583 -76.620791 87.23270756712112
Greenhouse_&_Greenhouse_South Johns_Hopkins_Club 39.329244 -76.622527 39.33015 -76.622243 103.70303823908522
Hackerman_Hall Shriver_Hall 39.326873 -76.620916 39.326415 -76.620265 75.72071625979505
Hodson_Hall Levering_Hall 39.327555 -76.622349 39.328053 -76.621689 79.2803316769388
Homewood_Apts. Baltimore_Museum_of_Art 39.32529 -76.616855 39.325996 -76.619503 241.009289500701
Homewood_Field Lacrosse_Hall_of_Fame 39.333436 -76.620873 39.334646 -76.62186 159.01935069364123
Homewood_Museum AMR1 39.329743 -76.618946 39.330674 -76.618483 110.92870135854588
Jenkins_Hall ROTC_Bldg 39.345959 -76.619501 39.333233 -76.621882 1430.2632095146944
Johns_Hopkins_Club Greenhouse_&_Greenhouse_South 39.33015 -76.622243 39.329244 -76.622527 103.70303823908522
Krieger_Hall Ames_Hall 39.328616 -76.619988 39.328583 -76.620791 69.15471544678725
Lacrosse_Hall_of_Fame Steven_Muller_Bldg. 39.334646 -76.62186 39.33281 -76.623356 241.3399758233761
Latrobe_Hall Garland_Hall 39.327721 -76.620776 39.327351 -76.62159 81.15163792246433
Levering_Hall Hodson_Hall 39.328053 -76.621689 39.327555 -76.622349 79.2803316769388
Macaulay_Hall Mergenthaler_Hall 39.330175 -76.620797 39.329599 -76.620654 65.22205001941421
Malone_Hall Hackerman_Hall 39.326204 -76.620883 39.326873 -76.620916 74.46560530546948
Maryland_Hall Brody_Learning_Commons 39.327988 -76.619993 39.328421 -76.619335 74.30522089628026
Mason_Hall Shriver_Hall 39.32591 -76.62155 39.326415 -76.620265 124.0982945094542
Mattin_Center Steinwald_House 39.327802 -76.618371 39.327575 -76.617256 99.21553175421184
Maxine_F._Singer_Bldg. Nichols_House 39.330951 -76.624944 39.32976 -76.623143 203.84040718062263
McCoy_Hall Charles_Commons 39.329399 -76.616769 39.328522 -76.616383 103.06307258253362
Mergenthaler_Hall Dunning_Hall 39.329599 -76.620654 39.330216 -76.620152 81.10789369129459
Merrick_Barn Maryland_Hall 39.328101 -76.619 39.327988 -76.619993 86.35692859366361
Milton_S._Eisenhower_Library Remsen_Hall 39.329053 -76.619425 39.329465 -76.620057 71.08941948482715
Mudd_Hall Macaulay_Hall 39.330875 -76.620536 39.330175 -76.620797 81.0735832725274
Nichols_House San_Martin_Center 39.32976 -76.623143 39.330561 -76.624213 128.0819357963735
Olin_Hall Glass_Pavilion 39.328154 -76.62369 39.328445 -76.621789 166.76429786351687
Power_Plant Gatehouse 39.327025 -76.618959 39.326473 -76.618255 86.21703657850678
Ralph_S._O'Connor_Recreation_Center ROTC_Bldg 39.332114 -76.621286 39.333233 -76.621882 134.66271534723273
Remsen_Hall Dunning_Hall 39.329465 -76.620057 39.330216 -76.620152 84.02193188902837
Rogers_House McCoy_Hall 39.331138 -76.616699 39.329399 -76.616769 193.46844252104745
ROTC_Bldg Steven_Muller_Bldg. 39.333233 -76.621882 39.33281 -76.623356 135.21999809195125
San_Martin_Center Bloomberg_Center_for_Physics_&_Astronomy 39.330561 -76.624213 39.331695 -76.623356 146.16438865153984
Shaffer_Hall Whitehead_Hall 39.327179 -76.619946 39.327319 -76.618995 83.31026992036684
Shriver_Hall Baltimore_Museum_of_Art 39.326415 -76.620265 39.325996 -76.619503 80.4495381214026
Smokler_Center_for_Jewish_Life_(Hillel) Abel_Wolman_House 39.326521 -76.61706 39.327692 -76.617195 130.725781994582
Steinwald_House Mattin_Center 39.327575 -76.617256 39.327802 -76.618371 99.21553175421184
The_Blackstone_Apts. The_Charles_Apts. 39.327864 -76.617201 39.328678 -76.617179 90.6171965629092
The_Charles_Apts. McCoy_Hall 39.328678 -76.617179 39.329399 -76.616769 87.59811122656761
Undergraduate_Teaching_Labs AMR3 39.331158 -76.620647 39.331919 -76.619787 112.42850513137148
Whitehead_Hall Mattin_Center 39.327319 -76.618995 39.327802 -76.618371 75.96398734688123
Wolman_Hall Charles_Commons 39.328945 -76.616908 39.328522 -76.616383 65.21945153553321
Wyman_Park_Bldg. Malone_Hall 39.32516 -76.622764 39.326204 -76.620883 199.1726413301581
Abel_Wolman_House Barnes_&_Noble 39.327692 -76.617195 39.328314 -76.616263 105.94361335836048
Ames_Hall Maryland_Hall 39.328583 -76.620791 39.327988 -76.619993 95.27197345074806
AMR1 Rogers_House 39.330674 -76.618483 39.331138 -76.616699 161.98102997415634
AMR2 Mudd_Hall 39.331473 -76.619129 39.330875 -76.620536 138.12302868616982
Baltimore_Museum_of_Art Power_Plant 39.325996 -76.619503 39.327025 -76.618959 123.72095309232532
Barnes_&_Noble Wolman_Hall 39.328314 -76.616263 39.328945 -76.616908 89.50994814710401
Barton_Hall Garland_Hall 39.327139 -76.620651 39.327351 -76.62159 84.12285469262764
Bloomberg_Center_for_Physics_&_Astronomy Ralph_S._O'Connor_Recreation_Center 39.331695 -76.623356 39.332114 -76.621286 184.02250454452047
BMA_Sculpture_Garden Power_Plant 39.325996 -76.619503 39.327025 -76.618959 123.72095309232532
Bradford_Apts. The_Charles_Apts. 39.328459 -76.615658 39.328678 -76.617179 133.0769310837988
Brody_Learning_Commons Maryland_Hall 39.328421 -76.619335 39.327988 -76.619993 74.30522089628026
Bunting_Meyerhoff_Interfaith_and_Community_Service_Center AMR3 39.331876 -76.617398 39.331919 -76.619787 205.57577362074204
Charles_Commons The_Charles_Apts. 39.328522 -76.616383 39.328678 -76.617179 70.6092401119077
Chemistry_Bldg. Mergenthaler_Hall 39.330336 -76.621444 39.329599 -76.620654 106.46055149780082
Clark_Hall Mason_Hall 39.326896 -76.622286 39.32591 -76.62155 126.67030283402104
Croft_Hall Barton_Hall 39.327173 -76.619505 39.327139 -76.620651 98.73534309290864
Dell_House Gatehouse 39.323056 -76.617737 39.326473 -76.618255 382.7169482756174
Dunning_Hall Remsen_Hall 39.330216 -76.620152 39.329465 -76.620057 84.02193188902837
Education_Building Gatehouse 39.322373 -76.617705 39.326473 -76.618255 458.5151011799449
Garland_Hall Hackerman_Hall 39.327351 -76.62159 39.326873 -76.620916 78.6616332309785
Gatehouse Baltimore_Museum_of_Art 39.326473 -76.618255 39.325996 -76.619503 119.80236228957682
Gilman_Hall Levering_Hall 39.328941 -76.621619 39.328053 -76.621689 98.95764351634918
Glass_Pavilion Greenhouse_&_Greenhouse_South 39.328445 -76.621789 39.329244 -76.622527 109.29049900794212
Greenhouse_&_Greenhouse_South Glass_Pavilion 39.329244 -76.622527 39.328445 -76.621789 109.29049900794212
Hackerman_Hall Garland_Hall 39.326873 -76.620916 39.327351 -76.62159 78.6616332309785
Hodson_Hall Glass_Pavilion 39.327555 -76.622349 39.328445 -76.621789 110.06628426963682
Homewood_Apts. Steinwald_House 39.32529 -76.616855 39.327575 -76.617256 256.49369281821106
Homewood_Field AMR3 39.333436 -76.620873 39.331919 -76.619787 192.893362912786
Homewood_Museum Dunning_Hall 39.329743 -76.618946 39.330216 -76.620152 116.38263466370792
Jenkins_Hall Steven_Muller_Bldg. 39.345959 -76.619501 39.33281 -76.623356 1499.686958313304
Johns_Hopkins_Club Macaulay_Hall 39.33015 -76.622243 39.330175 -76.620797 124.46493214493054
Krieger_Hall Maryland_Hall 39.328616 -76.619988 39.327988 -76.619993 69.82039980173397
Lacrosse_Hall_of_Fame Ralph_S._O'Connor_Recreation_Center 39.334646 -76.62186 39.332114 -76.621286 285.92325280991
Latrobe_Hall Levering_Hall 39.327721 -76.620776 39.328053 -76.621689 86.77165161865729
Levering_Hall Latrobe_Hall 39.328053 -76.621689 39.327721 -76.620776 86.77165161865729
Macaulay_Hall Mudd_Hall 39.330175 -76.620797 39.330875 -76.620536 81.0735832725274
Malone_Hall Barton_Hall 39.326204 -76.620883 39.327139 -76.620651 105.85295017262716
Maryland_Hall Merrick_Barn 39.327988 -76.619993 39.328101 -76.619 86.35692859366361
Mason_Hall Clark_Hall 39.32591 -76.62155 39.326896 -76.622286 126.67030283402104
Mattin_Center Power_Plant 39.327802 -76.618371 39.327025 -76.618959 100.14099206237913
Maxine_F._Singer_Bldg. Steven_Muller_Bldg. 39.330951 -76.624944 39.33281 -76.623356 247.87766994832384
McCoy_Hall Barnes_&_Noble 39.329399 -76.616769 39.328314 -76.616263 128.3502989541297
Mergenthaler_Hall Chemistry_Bldg. 39.329599 -76.620654 39.330336 -76.621444 106.46055149780082
Merrick_Barn Whitehead_Hall 39.328101 -76.619 39.327319 -76.618995 87.0385390805399
Milton_S._Eisenhower_Library Homewood_Museum 39.329053 -76.619425 39.329743 -76.618946 87.0940586143533
Mudd_Hall Chemistry_Bldg. 39.330875 -76.620536 39.330336 -76.621444 98.51534287740844
Nichols_House Chemistry_Bldg. 39.32976 -76.623143 39.330336 -76.621444 159.59454791875424
Olin_Hall Levering_Hall 39.328154 -76.62369 39.328053 -76.621689 172.53345947008745
Power_Plant Shaffer_Hall 39.327025 -76.618959 39.327179 -76.619946 86.67072409574499
Ralph_S._O'Connor_Recreation_Center Homewood_Field 39.332114 -76.621286 39.333436 -76.620873 151.37115738778547
Remsen_Hall Krieger_Hall 39.329465 -76.620057 39.328616 -76.619988 94.5756057343398
Rogers_House AMR2 39.331138 -76.616699 39.331473 -76.619129 212.38398171461856
ROTC_Bldg Lacrosse_Hall_of_Fame 39.333233 -76.621882 39.334646 -76.62186 157.123957974496
San_Martin_Center Johns_Hopkins_Club 39.330561 -76.624213 39.33015 -76.622243 175.50422986344591
Shaffer_Hall Power_Plant 39.327179 -76.619946 39.327025 -76.618959 86.67072409574499
Shriver_Hall Barton_Hall 39.326415 -76.620265 39.327139 -76.620651 87.0887083754537
Smokler_Center_for_Jewish_Life_(Hillel) Homewood_Apts. 39.326521 -76.61706 39.32529 -76.616855 138.04213455020258
Steinwald_House Smokler_Center_for_Jewish_Life_(Hillel) 39.327575 -76.617256 39.326521 -76.61706 118.45886126257538
The_Blackstone_Apts. Barnes_&_Noble 39.327864 -76.617201 39.328314 -76.616263 94.9856693789097
The_Charles_Apts. Barnes_&_Noble 39.328678 -76.617179 39.328314 -76.616263 88.59561803006541
Undergraduate_Teaching_Labs Dunning_Hall 39.331158 -76.620647 39.330216 -76.620152 113.11323434625268
Whitehead_Hall Shaffer_Hall 39.327319 -76.618995 39.327179 -76.619946 83.31026992036684
Wolman_Hall Barnes_&_Noble 39.328945 -76.616908 39.328314 -76.616263 89.50994814710401
Wyman_Park_Bldg. Hackerman_Hall 39.32516 -76.622764 39.326873 -76.620916 248.18509193530377
Abel_Wolman_House The_Charles_Apts. 39.327692 -76.617195 39.328678 -76.617179 109.73752537932604
Ames_Hall Latrobe_Hall 39.328583 -76.620791 39.327721 -76.620776 95.8546439371121
AMR3 AMR1 39.331919 -76.619787 39.330674 -76.618483 178.2875400552296
AMR1 Bunting_Meyerhoff_Interfaith_and_Community_Service_Center 39.330674 -76.618483 39.331876 -76.617398 163.1299978464749
AMR2 Bunting_Meyerhoff_Interfaith_and_Community_Service_Center 39.331473 -76.619129 39.331876 -76.617398 155.50333974239282
Baltimore_Museum_of_Art Croft_Hall 39.325996 -76.619503 39.327173 -76.619505 130.97316932366004
Barnes_&_Noble The_Blackstone_Apts. 39.328314 -76.616263 39.327864 -76.617201 94.9856693789097
Barton_Hall Shriver_Hall 39.327139 -76.620651 39.326415 -76.620265 87.0887083754537
Bloomberg_Center_for_Physics_&_Astronomy Johns_Hopkins_Club 39.331695 -76.623356 39.33015 -76.622243 196.66579382694616
BMA_Sculpture_Garden Croft_Hall 39.325996 -76.619503 39.327173 -76.619505 130.97316932366004
Bradford_Apts. McCoy_Hall 39.328459 -76.615658 39.329399 -76.616769 141.71020816978756
Brody_Learning_Commons Mattin_Center 39.328421 -76.619335 39.327802 -76.618371 107.7539463557784
Bunting_Meyerhoff_Interfaith_and_Community_Service_Center Homewood_Museum 39.331876 -76.617398 39.329743 -76.618946 272.1289818965844
Charles_Commons The_Blackstone_Apts. 39.328522 -76.616383 39.327864 -76.617201 101.57252438464168
Chemistry_Bldg. Dunning_Hall 39.330336 -76.621444 39.330216 -76.620152 111.92193598304476
Clark_Hall Levering_Hall 39.326896 -76.622286 39.328053 -76.621689 138.4635128393735
Croft_Hall Maryland_Hall 39.327173 -76.619505 39.327988 -76.619993 99.96318242805272
Dell_House Smokler_Center_for_Jewish_Life_(Hillel) 39.323056 -76.617737 39.326521 -76.61706 389.8216130733493
Dunning_Hall Chemistry_Bldg. 39.330216 -76.620152 39.330336 -76.621444 111.92193598304476
Education_Building Smokler_Center_for_Jewish_Life_(Hillel) 39.322373 -76.617705 39.326521 -76.61706 464.7344700302926
Garland_Hall Latrobe_Hall 39.327351 -76.62159 39.327721 -76.620776 81.15163792246433
Gatehouse Croft_Hall 39.326473 -76.618255 39.327173 -76.619505 132.71431398085133
Gilman_Hall Mergenthaler_Hall 39.328941 -76.621619 39.329599 -76.620654 110.7160935579206
Glass_Pavilion Hodson_Hall 39.328445 -76.621789 39.327555 -76.622349 110.06628426963682
Greenhouse_&_Greenhouse_South Levering_Hall 39.329244 -76.622527 39.328053 -76.621689 150.8929542127416
Hackerman_Hall Shaffer_Hall 39.326873 -76.620916 39.327179 -76.619946 90.07694805389644
Hodson_Hall Olin_Hall 39.327555 -76.622349 39.328154 -76.62369 133.20517350230514
Homewood_Apts. Dell_House 39.32529 -76.616855 39.323056 -76.617737 259.8556901160352
Homewood_Field Steven_Muller_Bldg. 39.333436 -76.620873 39.33281 -76.623356 224.63079165188643
Homewood_Museum Mergenthaler_Hall 39.329743 -76.618946 39.329599 -76.620654 147.80306054032673
Jenkins_Hall Ralph_S._O'Connor_Recreation_Center 39.345959 -76.619501 39.332114 -76.621286 1547.680350015793
Johns_Hopkins_Club Gilman_Hall 39.33015 -76.622243 39.328941 -76.621619 144.8963252498737
Krieger_Hall Remsen_Hall 39.328616 -76.619988 39.329465 -76.620057 94.5756057343398
Lacrosse_Hall_of_Fame AMR3 39.334646 -76.62186 39.331919 -76.619787 351.7711602756808
Latrobe_Hall Shaffer_Hall 39.327721 -76.620776 39.327179 -76.619946 93.44284014617432
Levering_Hall Ames_Hall 39.328053 -76.621689 39.328583 -76.620791 97.21923732625233
Macaulay_Hall Remsen_Hall 39.330175 -76.620797 39.329465 -76.620057 101.458633282748
Malone_Hall Baltimore_Museum_of_Art 39.326204 -76.620883 39.325996 -76.619503 120.9732604224873
Maryland_Hall Shaffer_Hall 39.327988 -76.619993 39.327179 -76.619946 90.0868664408058
Mason_Hall Wyman_Park_Bldg. 39.32591 -76.62155 39.32516 -76.622764 133.60551863145517
Mattin_Center The_Blackstone_Apts. 39.327802 -76.618371 39.327864 -76.617201 100.93390978770069
Maxine_F._Singer_Bldg. Johns_Hopkins_Club 39.330951 -76.624944 39.33015 -76.622243 248.83066470607767
McCoy_Hall Bradford_Apts. 39.329399 -76.616769 39.328459 -76.615658 141.71020816978756
Mergenthaler_Hall Gilman_Hall 39.329599 -76.620654 39.328941 -76.621619 110.7160935579206
Merrick_Barn Krieger_Hall 39.328101 -76.619 39.328616 -76.619988 102.47334772263608
Milton_S._Eisenhower_Library Merrick_Barn 39.329053 -76.619425 39.328101 -76.619 111.98389910032884
Mudd_Hall AMR3 39.330875 -76.620536 39.331919 -76.619787 132.8265555061452
Nichols_House Gilman_Hall 39.32976 -76.623143 39.328941 -76.621619 159.7069730741835
Olin_Hall Nichols_House 39.328154 -76.62369 39.32976 -76.623143 184.756605361838
Power_Plant Mattin_Center 39.327025 -76.618959 39.327802 -76.618371 100.14099206237913
Ralph_S._O'Connor_Recreation_Center Mudd_Hall 39.332114 -76.621286 39.330875 -76.620536 152.1261289016309
Remsen_Hall Homewood_Museum 39.329465 -76.620057 39.329743 -76.618946 100.47999556675768
Rogers_House Wolman_Hall 39.331138 -76.616699 39.328945 -76.616908 244.5347161666495
ROTC_Bldg Bloomberg_Center_for_Physics_&_Astronomy 39.333233 -76.621882 39.331695 -76.623356 212.9146024298803
San_Martin_Center Greenhouse_&_Greenhouse_South 39.330561 -76.624213 39.329244 -76.622527 206.09897733386745
Shaffer_Hall Shriver_Hall 39.327179 -76.619946 39.326415 -76.620265 89.26249532106544
Shriver_Hall Shaffer_Hall 39.326415 -76.620265 39.327179 -76.619946 89.26249532106544
Smokler_Center_for_Jewish_Life_(Hillel) The_Blackstone_Apts. 39.326521 -76.61706 39.327864 -76.617201 149.8305322014531
Steinwald_House Barnes_&_Noble 39.327575 -76.617256 39.328314 -76.616263 118.5543673952283
The_Blackstone_Apts. Mattin_Center 39.327864 -76.617201 39.327802 -76.618371 100.93390978770069
The_Charles_Apts. The_Blackstone_Apts. 39.328678 -76.617179 39.327864 -76.617201 90.6171965629092
Undergraduate_Teaching_Labs Chemistry_Bldg. 39.331158 -76.620647 39.330336 -76.621444 114.35192501060838
Whitehead_Hall Merrick_Barn 39.327319 -76.618995 39.328101 -76.619 87.0385390805399
Wolman_Hall Bradford_Apts. 39.328945 -76.616908 39.328459 -76.615658 120.37453963157668
Wyman_Park_Bldg. Shriver_Hall 39.32516 -76.622764 39.326415 -76.620265 256.368747292764
